1 1 8 2 15 7
2 6 9 7 16 9
3 3 10 4 17 4
4 7 11 5 18 7
5 5 12 3 19 2
6 8 13 9 20 1
7 9 14 10

26 76 159 187 41 45 193 49 174 201
17 91 128 162 50 42 167 38 146 122
28 111 152 145 51 52 212 44 156 221
24 84 155 209 58 44 146 41 122 177
26 85 139 201 66 51 144 44 164 190
21 95 176 197 65 58 196 52 157 209
19 96 173 183 54 50 192 50 97 192
19 84 135 177 52 45 175 42 99 212
17 98 119 178 58 46 194 38 178 158
24 80 109 199 60 50 218 61 142 150
18 88 146 178 57 48 159 48 156 190
28 105 124 158 55 43 150 36 132 183
22 102 129 157 48 57 233 50 158 155
28 110 168 217 48 58 159 47 136 179
24 98 123 181 54 49 112 44 196 135
