2 2
3 2
3 2
2 3
5 3
4 3
6 3
13 1

1 & 3 5 & 21 & 5 6 &
2 & 1 2 & 22 & -1 &
3 & 6 & 23 & 6 &
4 & 2 & 24 & 1 3 &
5 & 7 & 25 & 3 5 &
6 & 3 & 26 & 4 &
7 & 3 4 & 27 & 5 6 &
8 & 2 3 & 28 & 6 &
9 & 7 & 29 & 6 7 &
10 & -1 & 30 & 6 7 &
11 & 6 7 8 & 31 & 6 7 &
12 & 2 & 32 & -1 &
13 & 8 & 33 & 4 8 &
14 & 2 & 34 & -1 &
15 & 6 7 & 35 & 3 &
16 & 4 & 36 & 5 &
17 & 4 & 37 & 5 &
18 & 6 7 & 38 & 7 &
19 & 4 8 & 39 & -1 &
20 & 3 & 40 & 4 &

1 7 8 10 2 10 9 9 4
2 10 10 2 8 3 8 1 5
3 8 1 9 7 7 10 1 5
4 1 10 3 5 8 9 4 7
5 5 2 9 9 8 9 10 6
6 9 7 10 3 7 6 1 8
7 8 2 10 10 5 8 2 9
8 8 10 10 3 6 8 3 6
9 4 3 5 6 9 4 10 1
10 1 6 3 7 7 1 5 8
11 4 7 9 3 2 10 10 10
12 5 10 9 6 4 2 2 7
13 7 5 8 8 4 7 4 10
14 3 10 1 8 4 5 4 2
15 9 2 8 2 1 10 10 4
16 7 1 5 10 6 3 3 7
17 5 4 7 10 3 4 5 2
18 9 7 2 6 4 10 10 1
19 3 3 9 10 5 7 7 10
20 2 9 10 5 3 1 2 9
21 7 3 1 2 10 10 6 9
22 9 1 6 3 3 4 3 5
23 6 5 3 2 6 10 1 2
24 10 3 10 1 1 7 6 7
25 5 2 10 5 10 3 1 6
26 1 9 2 10 4 4 1 8
27 9 4 2 1 10 10 4 5
28 2 6 8 5 4 10 2 9
29 9 2 1 6 3 10 10 9
30 8 3 8 9 8 10 10 5
31 9 2 7 3 2 10 10 5
32 8 2 1 5 8 6 7 6
33 4 1 9 10 3 2 1 10
34 5 6 2 7 3 4 2 6
35 4 7 10 7 6 2 6 6
36 1 8 4 5 10 4 1 3
37 4 2 6 9 10 1 5 5
38 8 7 4 6 6 8 10 1
39 4 7 5 1 6 7 6 9
40 3 6 7 10 9 6 2 3
