I II III IV V VI VII VIII IX X
Call bundle (100 min.)&15 9 11 9 5 10 7 7 8 13
Call bundle (200 min.)&18 10 13 7 16 11 15 10 7 5
Call bundle (300 min.)&18 11 14 18 9 11 10 11 7 15
Call bundle (400 min.)&18 15 15 19 13 15 13 9 10 10
Extra Li-Ion Battery&20 20 18 22 18 20 17 19 13 15
LED Flashing Keypad&28 20 18 25 21 13 16 21 13 19
In-Car Charger&28 24 30 19 19 21 24 13 16 18
Belt-Clip Holster&31 34 31 29 23 24 21 21 23 16
Handsfree Headset&35 34 34 30 30 22 27 21 17 16
USB Data Cable&43 38 38 32 33 24 24 27 23 17

100 300
110 330
120 360
125 400
150 425
160 480
175 500
200 550
250 600
300 700

10 25
15 40
20 50
25 60
30 75
35 90
40 100
45 125
50 150
55 160

25 21 18 37 31 12 19 11 31 22