network
50 80

vertices
-170
-400
-95
-210
-140
-230
-405
700
-280
-280
1050
-140
-315
-120
-365
-500
-220
-260
-345
-180
2150
-325
-340
2900
-170
-110
-410
-165
-185
-215
-350
-290
3100
-410
-185
1750
-210
-385
-250
-280
-140
-260
-320
-135
-85
-150
-300
-235
-285
-190

edges
2 1 42
2 3 21
3 4 25
4 5 11
6 5 17
7 6 11
7 9 37
8 5 18
8 6 26
8 7 21
8 9 19
10 1 31
11 2 19
11 12 27
11 13 24
12 10 28
13 4 39
13 19 32
14 13 28
14 15 24
15 5 32
15 9 14
16 12 37
17 16 31
18 12 31
18 17 19
18 19 19
20 14 19
20 19 28
21 15 24
21 20 18
21 22 21
21 26 27
22 9 43
22 27 54
23 18 28
23 19 44
24 23 13
24 25 18
24 29 24
25 20 30
25 26 34
25 30 11
26 22 39
26 27 41
28 17 51
28 32 23
29 28 19
29 30 15
29 34 30
31 26 12
33 28 35
33 34 29
33 38 31
34 41 37
35 34 34
35 31 21
36 35 28
36 37 50
36 42 41
37 31 24
37 44 19
38 32 26
38 39 24
38 40 28
39 40 14
39 45 21
40 45 31
41 40 43
41 46 21
42 41 14
42 43 21
43 47 17
44 43 11
44 49 28
46 47 32
47 48 21
47 50 29
49 48 35
49 50 41

end

edge_queries
5
38 40
33 38
12 10
35 31
29 34

