network
50 78
vertices
-40
-35
-50
-40
-25
-70
-25
-55
-70
-25
-55
-65
-45
-80
-85
-40
-65
-80
-50
-40
-30
-20
-65
-45
-40
-75
-30
-40
-55
-60
-80
-65
-40
-35
-60
-50
-35
-60
-25
-35
-20
-25
-35
-50
+230
+405
+140
+695
+280
+365
edges
2 1 27
2 3 21
4 3 28
4 10 28
5 1 24
5 6 14
5 8 22
7 6 17
7 8 35
7 19 51
9 4 24
9 10 6
10 12 12
11 10 22
12 8 25
13 12 29
13 14 33
13 15 41
14 12 26
14 15 27
16 15 32
17 16 9
17 18 37
17 20 13
18 19 41
20 21 18
22 15 23
22 21 34
22 28 25
22 40 29
23 24 36
23 26 32
23 27 13
23 28 15
25 24 42
26 27 15
28 27 8
29 28 18
30 40 31
31 34 24
31 44 19
32 33 26
32 44 24
33 39 57
34 33 36
34 41 19
35 41 24
36 25 26
36 26 36
37 36 43
38 37 34
38 39 38
40 29 31
41 27 27
43 11 24
43 42 17
44 42 17

45 2 31
45 5 19
45 9 21
46 7 11
46 14 34
46 17 29
47 4 32
47 32 41
47 43 36
48 11 28
48 13 15
48 30 17
48 31 26
48 42 21
49 21 29
49 22 10
49 23 33
50 34 31
50 35 14
50 36 12
50 38 24
end