1 2 1.3
1 3 2.2
2 4 2.8
2 11 3.9
3 4 1.2
4 10 2.7
5 6 1.6
5 8 2.5
6 7 3.0
6 8 3.3
7 8 3.2
8 9 2.8
8 16 3.0
9 10 2.5
9 17 5.1
10 11 4.5
10 14 2.8
10 15 3.9
11 12 2.6
11 13 3.6
12 13 3.7
12 25 2.1
13 14 2.4
13 21 1.8
13 23 2.7
14 15 2.6
14 21 2.1
15 17 2.9
15 20 3.0
15 21 3.3
16 17 1.4
17 18 3.4
17 20 4.1
18 19 2.0
19 20 4.1
19 32 2.6
20 21 2.0
20 24 1.6
20 32 4.4
21 22 1.1
21 23 2.4
22 23 1.5
22 24 1.8
23 26 1.8
23 30 2.8
24 30 1.2
25 26 3.7
26 27 2.1
27 28 1.6
27 29 3.1
28 40 2.2
29 30 3.3
29 37 3.5
29 39 3.0
30 31 2.0
31 32 1.3
31 34 1.9
32 33 1.5
33 35 3.0
34 35 2.9
34 37 1.7
35 36 2.9
35 50 3.4
36 37 2.1
36 38 2.2
36 48 1.6
37 38 2.8
38 39 4.3
38 46 2.1
38 47 1.8
39 40 0.8
39 45 2.0
40 41 2.9
40 44 2.9
41 42 2.2
42 43 3.6
43 44 1.3
44 45 1.2
45 46 3.5
46 47 2.1
47 48 2.5
48 49 2.1
48 50 2.4
49 50 2.2
