1 2 85 80
1 3 125 140
2 3 120 150
2 4 110 110
2 5 165 190
3 4 90 85
3 15 200 180
4 13 75 90
5 6 200 200
5 7 165 150
5 13 150 130
5 16 155 140
6 7 125 135
6 8 125 150
6 9 160 200
7 8 90 130
7 12 140 120
7 16 200 185
8 9 105 185
8 10 100 115
9 10 85 110
10 11 75 70
11 12 120 145
11 20 140 160
12 19 200 210
12 20 185 190
12 24 245 300
13 14 95 110
13 16 115 0
14 15 65 60
14 16 150 140
15 17 160 175
15 18 210 190
16 19 165 140
17 18 170 140
17 21 105 85
18 19 85 100
18 22 150 140
18 23 135 160
19 24 135 155
20 24 200 245
20 25 160 160
21 22 120 125
21 27 205 240
21 37 220 190
22 23 170 165
22 27 165 170
23 24 180 70
23 28 225 185
24 26 90 100
25 26 150 145
26 28 205 240
26 29 115 70
26 30 165 195
27 28 65 65
27 37 195 180
28 29 140 110
28 31 70 90
29 30 170 120
29 32 135 150
29 34 175 160
30 33 105 140
31 32 85 85
31 39 80 105
32 43 140 150
33 34 100 120
33 35 110 140
34 36 85 80
34 43 160 170
35 36 65 70
36 44 95 110
37 38 90 95
37 39 125 110
38 40 85 100
38 41 135 120
39 40 85 100
39 43 180 190
40 42 125 130
41 42 135 140
42 43 170 200
43 44 145 130
43 46 100 140
44 45 50 65
45 46 110 125
