94

1 2 6.3
1 3 2.4
1 4 3.1
2 4 3.7
2 6 1.5
3 7 2.3
3 8 2.7
4 5 3.4
4 8 2.2
4 11 2.3
5 6 0.8
6 12 3.6
6 13 1.9
7 8 4.4
7 9 2.4
8 10 1.5
9 10 3.1
9 15 2.0
10 11 2.6
10 15 4.3
10 16 3.4
10 17 2.3
11 12 2.0
12 14 3.6
12 17 3.4
12 22 3.1
13 14 2.0
14 23 3.5
14 24 3.0
15 16 1.9
15 18 1.7
16 17 2.6
16 19 2.4
16 20 2.5
17 20 3.8
17 22 3.4
18 19 2.1
18 25 3.3
19 20 1.5
19 25 3.0
19 26 2.2
20 21 2.7
21 22 1.8
21 27 2.9
22 23 1.8
22 27 3.9
23 24 2.4
23 28 3.1
24 29 2.2
25 26 2.5
25 30 2.2
25 37 3.3
26 27 3.4
26 38 2.5
27 28 2.4
27 31 2.0
27 39 3.5
28 29 3.2
28 31 1.5
28 32 2.0
29 33 2.8
30 36 3.3
31 34 1.0
32 33 1.5
32 40 2.2
33 35 1.8
34 39 2.4
34 40 2.5
34 44 3.3
35 40 3.4
35 41 1.9
36 37 1.7
36 42 1.5
37 38 1.9
37 42 2.7
37 43 2.8
38 39 2.0
38 43 3.3
39 43 4.2
40 41 3.8
40 44 3.1
40 46 2.5
41 46 2.5
42 47 1.8
43 44 4.3
43 47 1.7
44 45 1.1
45 46 4.5
45 48 2.5
45 49 3.3
46 49 2.4
47 48 3.4
48 50 3.9
49 50 1.2

6

8 10 17 22 27 31 05 6 13 14 23 28 27 39 38 01 3 8 10 17 20 19 26 38 43 47 48 04 5 6 13 14 24 29 33 35 41 024 29 28 27 39 38 37 36 30 09 15 18 19 26 38 37 42 47 0

8 10 17 22 27 31 0
5 6 13 14 23 28 31 34 39 38 0
1 4 11 12 22 21 27 31 34 44 45 48 0
4 11 12 14 24 29 33 35 41 0
24 29 28 27 26 25 30 0
9 15 18 19 26 38 43 47 0

4

8 10 16 20 0
16 19 26 38 37 42 0
29 28 31 34 39 27 22 12 6 0
48 45 44 40 32 33 0

6

8 10 35
29 28 68
10 16 66
28 31 29
16 20 49
31 34 22

3 46

7

40 32 32
12 6 77
44 40 47
22 12 71
45 44 28
27 22 69
29 28 -13

8 10 16 20 21 22 12 6 5 4 8 0

2 50
