94

1 2 5.0
1 3 2.4
1 4 3.9
2 4 4.7
2 6 1.4
3 7 2.8
3 8 3.7
4 5 3.8
4 8 2.8
4 11 2.5
5 6 1.9
6 12 4.0
6 13 2.4
7 8 5.9
7 9 2.9
8 10 2.3
9 10 3.4
9 15 2.3
10 11 3.7
10 15 6.0
10 16 3.6
10 17 2.4
11 12 2.7
12 14 4.5
12 17 3.8
12 22 3.9
13 14 2.3
14 23 3.9
14 24 3.4
15 16 2.4
15 18 1.7
16 17 3.8
16 19 2.4
16 20 3.7
17 20 5.4
17 22 4.3
18 19 2.6
18 25 3.4
19 20 1.3
19 25 3.2
19 26 2.8
20 21 3.8
21 22 2.8
21 27 3.9
22 23 3.0
22 27 4.9
23 24 3.0
23 28 4.4
24 29 2.1
25 26 3.1
25 30 2.5
25 37 4.1
26 27 4.3
26 38 3.4
27 28 3.4
27 31 2.8
27 39 4.8
28 29 3.7
28 31 3.0
28 32 2.4
29 33 3.4
30 36 3.0
31 34 1.9
32 33 1.9
32 40 2.7
33 35 1.8
34 39 2.9
34 40 3.2
34 44 3.8
35 40 4.1
35 41 2.0
36 37 2.0
36 42 2.0
37 38 2.7
37 42 3.4
37 43 3.1
38 39 2.8
38 43 4.0
39 43 5.1
40 41 4.4
40 44 3.7
40 46 2.7
41 46 2.7
42 47 2.2
43 44 5.6
43 47 2.8
44 45 1.0
45 46 5.3
45 48 2.8
45 49 3.2
46 49 2.7
47 48 3.4
48 50 4.1
49 50 1.3

6

8 31 0
5 38 0
1 48 0
4 41 0
24 30 0
9 47 0

7

27 16 21 22 0 -
35 26 31 34 0 -
39 3 16 17 0 -
44 14 27 28 0 -
15 14 16 10 12 22 0 -
26 48 35 40 40 41 0 +
37 43 35 40 40 41 0 -
